6
4 -100 -100 100 100 -100 100 100 -100 -100 -100 -100 -100
4 -100 100 100 100 100 100 100 100 -100 -100 100 -100

4 -50 -50 50 50 -50 50 50 50 50 -50 50 50
4 -50 -50 50 50 -50 50 100 -100 100 -100 -100 100
4 -100 100 100 100 100 100 50 50 50 -50 50 50
4 100 -100 100 50 -50 50 50 50 50 100 100 100
4 -50 -50 50 -100 -100 100 -100 100 100 -50 50 50

4 100 -100 100 100 -100 -100 100 100 -100 100 100 100
4 100 -100 -100 -100 -100 -100 -100 100 -100 100 100 -100
4 -100 -100 -100 -100 -100 100 -100 100 100 -100 100 -100