20
3 -6 96 98 47 86 16 77 26 -11 
3 -21 -72 90 77 26 -11 -6 96 98 
3 -93 93 83 -6 96 98 47 86 16 
3 -21 -72 90 -6 96 98 -93 93 83 
3 -93 93 83 -95 16 64 -89 -69 -42 
3 -95 16 64 -89 -69 -42 -21 -72 90 
3 -93 93 83 -95 16 64 -21 -72 90 
3 -89 -69 -42 57 -42 -85 1 -87 19 
3 -89 -69 -42 -40 67 -76 57 -42 -85 
3 1 -87 19 57 -42 -85 77 26 -11 
3 77 26 -11 89 8 -98 57 -42 -85 
3 89 8 -98 57 -42 -85 -40 67 -76 
3 -89 -69 -42 -42 -90 22 1 -87 19 
3 -40 67 -76 -89 -69 -42 -93 93 83 
3 -21 -72 90 -42 -90 22 -89 -69 -42 
3 1 -87 19 -21 -72 90 77 26 -11 
3 -21 -72 90 1 -87 19 -42 -90 22 
3 47 86 16 89 8 -98 77 26 -11 
3 89 8 -98 -40 67 -76 47 86 16 
3 -40 67 -76 -93 93 83 47 86 16 

