28
3 -37 6 -49 48 24 -45 14 -34 -42 
3 13 -43 -28 -37 6 -49 14 -34 -42 
3 29 -43 11 48 24 -45 14 -34 -42 
3 29 -43 11 13 -43 -28 14 -34 -42 
3 -50 46 34 -46 25 -24 -24 40 -46 
3 -50 46 34 -46 25 -24 -44 -17 16 
3 -46 25 -24 -24 40 -46 -42 16 -48 
3 -46 25 -24 -42 16 -48 -44 -17 16 
3 -44 -17 16 13 -43 -28 -14 -41 37 
3 -44 -17 16 -14 -41 37 -37 -21 26 
3 -43 27 37 -14 -41 37 2 -34 44 
3 2 -34 44 29 -43 11 -14 -41 37 
3 -43 27 37 -37 -21 26 -14 -41 37 
3 -14 -41 37 29 -43 11 13 -43 -28 
3 -24 40 -46 49 48 23 -50 46 34 
3 -44 -17 16 -50 46 34 -37 -21 26 
3 49 48 23 -16 43 49 -50 46 34 
3 -50 46 34 -43 27 37 -16 43 49 
3 -50 46 34 -37 -21 26 -43 27 37 
3 -37 6 -49 -24 40 -46 48 24 -45 
3 -42 16 -48 -24 40 -46 -37 6 -49 
3 -37 6 -49 -42 16 -48 -44 -17 16 
3 -44 -17 16 -37 6 -49 13 -43 -28 
3 48 24 -45 49 48 23 -24 40 -46 
3 29 -43 11 2 -34 44 49 48 23 
3 2 -34 44 49 48 23 -16 43 49 
3 -16 43 49 2 -34 44 -43 27 37 
3 49 48 23 48 24 -45 29 -43 11 