24
3 0 0 0 3 2 0 4 7 0 
3 0 0 0 3 2 0 5 2 0
3 0 0 0 5 2 0 8 0 0 
3 3 2 0 4 4 0 4 7 0
3 4 4 0 4 7 0 8 0 0 
3 5 2 0 4 4 0 8 0 0
3 0 0 1 3 2 1 4 7 1 
3 0 0 1 3 2 1 5 2 1
3 0 0 1 5 2 1 8 0 1 
3 3 2 1 4 4 1 4 7 1
3 4 4 1 4 7 1 8 0 1 
3 5 2 1 4 4 1 8 0 1
3 0 0 0 0 0 1 4 7 0 
3 0 0 1 4 7 1 4 7 0
3 8 0 0 8 0 1 4 7 0 
3 8 0 1 4 7 1 4 7 0
3 8 0 0 8 0 1 0 0 0 
3 8 0 1 0 0 1 0 0 0
3 3 2 0 3 2 1 4 4 0 
3 3 2 1 4 4 1 4 4 0
3 5 2 0 5 2 1 4 4 0 
3 5 2 1 4 4 1 4 4 0
3 5 2 0 5 2 1 3 2 0 
3 5 2 1 3 2 1 3 2 0